# Nota: C-Order, 1 refers to the Y axis, 2 to the X axis 
# Calibration done at Tue Jun 26 15:25:09 2018
Detector: Pilatus300kw
PixelSize1: 0.000172
PixelSize2: 0.000172
Distance: 0.5496417125198896
Poni1: 0.37126943225992876
Poni2: -0.27738976567543
Rot1: -0.44748707811685934
Rot2: 0.1765098068785938
Rot3: -3.018475889649806e-07
Wavelength: 8.85601409974337e-11
