# Nota: C-Order, 1 refers to the Y axis, 2 to the X axis 
# Calibration done at Tue Jun 26 15:19:52 2018
Detector: Pilatus300kw
PixelSize1: 0.000172
PixelSize2: 0.000172
Distance: 0.43843664024326906
Poni1: 0.10575997052985478
Poni2: 0.5343496095709882
Rot1: 0.675044678923819
Rot2: 0.026568526863920316
Rot3: 3.634520504218179e-08
Wavelength: 8.85601409974337e-11
